FID	IID	PAT	MAT	SEX	PHENOTYPE	1:205652472:G:A_A	1:205735891:G:A_A	1:205739266:C:T_C	1:243674772:A:G_G	1:243717682:A:G_A	2:27677691:G:A_A	2:27741237:T:C_T	3:100472848:T:C_C	3:183980416:T:C_T	6:32282854:A:G_G	6:32577380:A:G_G	6:119143549:T:C_T	10:121462047:G:A_A	10:121708929:T:C_C	12:30895251:T:C_C	12:123404966:C:A_A	17:16081958:C:T_T	V1
1	YG10	YG10	0	0	0	-9	1	1	1	0	1	1	1	0	0	1	0	2	0	0	0	2	1	sample_R1
2	YG19	YG19	0	0	0	-9	0	0	0	1	1	0	1	0	0	0	0	0	0	1	0	1	2	sample_R2
3	YG22	YG22	0	0	0	-9	1	2	2	0	1	1	1	0	0	0	0	1	0	0	0	1	1	sample_R3
4	YG24	YG24	0	0	0	-9	0	1	1	0	1	1	0	0	1	1	1	0	0	0	1	0	1	sample_R4
5	YG40	YG40	0	0	0	-9	0	0	1	1	1	2	0	0	0	0	0	1	0	0	1	0	2	sample_R5
6	YG47	YG47	0	0	0	-9	0	0	0	1	1	1	0	0	1	0	0	2	0	0	1	1	2	sample_R6
7	YG50	YG50	0	0	0	-9	1	1	1	2	1	1	1	0	1	0	0	1	0	0	0	1	0	sample_R7
8	YG59	YG59	0	0	0	-9	1	1	1	1	1	1	1	0	0	0	0	2	0	0	0	0	2	sample_R8
9	YG66	YG66	0	0	0	-9	1	1	1	1	1	1	1	0	0	0	1	2	1	1	1	2	0	sample_R9
10	YG67	YG67	0	0	0	-9	0	0	1	0	2	2	0	1	0	0	0	0	1	0	0	0	2	sample_R10
11	YG79	YG79	0	0	0	-9	0	0	0	1	1	0	1	0	0	0	0	0	0	0	1	2	1	sample_R11
12	YG86	YG86	0	0	0	-9	0	0	0	0	1	1	0	0	0	1	1	1	0	0	1	1	1	sample_R12
13	YG90	YG90	0	0	0	-9	0	0	0	0	1	1	1	0	0	0	0	1	0	0	0	0	2	sample_R13
14	YG97	YG97	0	0	0	-9	0	0	1	1	1	0	2	0	0	0	0	1	0	0	1	1	0	sample_R14
15	YG98	YG98	0	0	0	-9	1	1	1	0	0	1	0	0	0	0	0	1	0	0	1	2	1	sample_R15
16	YG106	YG106	0	0	0	-9	0	0	0	1	1	1	1	1	0	0	0	0	1	0	1	1	0	sample_R16
17	YG120	YG120	0	0	0	-9	1	1	1	0	0	2	0	0	1	1	1	0	1	1	0	1	1	sample_R17
18	YG138	YG138	0	0	0	-9	1	1	1	0	0	1	0	0	1	0	0	1	1	1	0	1	0	sample_R18
19	YG142	YG142	0	0	0	-9	0	0	0	0	0	2	0	0	0	0	0	1	0	1	1	2	0	sample_R19
20	YG143	YG143	0	0	0	-9	1	1	1	0	0	1	1	0	0	0	0	1	0	1	1	0	0	sample_R20
21	YG150	YG150	0	0	0	-9	0	0	0	1	1	0	1	0	0	1	1	1	1	1	0	1	1	sample_R21
22	YG157	YG157	0	0	0	-9	0	0	0	0	1	1	0	1	0	0	0	1	0	0	0	2	2	sample_R22
23	YG159	YG159	0	0	0	-9	1	1	1	0	0	1	1	0	0	0	1	0	1	1	1	1	1	sample_R23
24	YG170	YG170	0	0	0	-9	0	0	0	1	0	2	0	0	0	0	0	1	1	1	1	1	0	sample_R24
25	YG174	YG174	0	0	0	-9	1	1	1	0	1	1	1	0	0	1	1	1	1	1	1	1	2	sample_R25
26	YG180	YG180	0	0	0	-9	1	1	1	0	1	1	0	0	0	0	1	1	1	1	0	1	1	sample_R26
27	YG184	YG184	0	0	0	-9	0	0	0	0	1	1	1	1	1	0	0	1	0	0	0	0	1	sample_R27
28	YG186	YG186	0	0	0	-9	0	0	1	1	1	0	2	0	2	0	0	0	2	1	0	1	1	sample_R28
29	YG188	YG188	0	0	0	-9	1	1	1	0	0	0	0	0	0	1	1	2	0	0	0	1	2	sample_R29
30	YG196	YG196	0	0	0	-9	1	1	1	0	0	2	0	1	1	0	0	0	0	0	0	2	1	sample_R30
31	YG229	YG229	0	0	0	-9	2	2	2	0	0	1	0	0	0	0	0	0	0	1	0	1	1	sample_R31
32	YG234	YG234	0	0	0	-9	1	2	2	0	1	1	1	0	0	0	0	1	0	0	0	1	2	sample_R32
33	YG257	YG257	0	0	0	-9	1	1	1	0	0	1	1	0	0	0	0	1	0	0	0	0	0	sample_R33
34	YG270	YG270	0	0	0	-9	0	0	1	1	2	1	0	0	0	0	1	0	1	0	1	1	0	sample_R34
35	YG272	YG272	0	0	0	-9	1	1	2	1	1	0	1	0	0	0	0	1	0	0	0	2	0	sample_R35
36	YG276	YG276	0	0	0	-9	1	1	1	0	0	0	1	0	0	0	0	1	1	1	1	1	0	sample_R36
37	YG282	YG282	0	0	0	-9	1	1	1	0	0	1	1	0	0	0	0	2	1	1	1	1	2	sample_R37
38	YG303	YG303	0	0	0	-9	1	1	1	2	2	0	1	0	0	1	1	1	1	0	1	1	1	sample_R38
39	YG321	YG321	0	0	0	-9	1	1	1	1	1	1	1	0	0	1	0	0	0	0	1	1	1	sample_R39
40	YG328	YG328	0	0	0	-9	0	0	0	1	1	2	0	0	0	0	0	0	2	1	0	1	1	sample_R40
41	YG331	YG331	0	0	0	-9	1	0	1	2	2	1	1	1	0	0	0	0	0	0	2	1	2	sample_R41
42	YG335	YG335	0	0	0	-9	1	1	1	0	1	1	1	0	0	0	1	1	1	1	0	1	0	sample_R42
43	YG336	YG336	0	0	0	-9	0	0	0	1	1	1	0	0	0	0	0	1	0	0	0	0	0	sample_R43
44	YG340	YG340	0	0	0	-9	0	0	1	1	0	1	0	0	0	1	2	1	0	0	1	1	1	sample_R44
45	YG345	YG345	0	0	0	-9	0	0	0	1	1	1	0	0	1	0	0	0	2	2	2	1	0	sample_R45
46	YG347	YG347	0	0	0	-9	0	1	1	0	1	2	0	0	1	0	0	0	1	1	1	1	2	sample_R46
47	YG351	YG351	0	0	0	-9	1	1	2	0	0	0	2	0	0	0	0	1	1	1	0	0	1	sample_R47
48	YG353	YG353	0	0	0	-9	1	1	2	0	0	1	2	1	0	0	0	0	0	0	0	1	0	sample_R48
49	YG367	YG367	0	0	0	-9	1	1	1	1	1	1	1	0	1	0	0	0	0	0	1	1	2	sample_R49
50	YG369	YG369	0	0	0	-9	0	0	0	0	0	0	2	0	1	0	1	0	1	0	1	1	1	sample_R50
51	YG373	YG373	0	0	0	-9	0	0	0	1	1	2	0	1	0	1	1	0	0	0	0	2	2	sample_R51
52	YG376	YG376	0	0	0	-9	0	0	0	0	1	0	1	0	0	0	0	0	0	0	2	0	1	sample_R52
53	YG383	YG383	0	0	0	-9	1	1	1	1	1	2	0	0	1	1	2	0	1	0	2	1	1	sample_R53
54	YG385	YG385	0	0	0	-9	1	1	1	1	1	0	1	0	0	0	0	1	0	0	0	1	1	sample_R54
55	YG386	YG386	0	0	0	-9	0	0	0	0	1	1	0	0	1	0	0	2	0	0	1	1	0	sample_R55
56	YG387	YG387	0	0	0	-9	0	0	0	0	0	2	0	0	1	0	0	1	0	0	0	0	0	sample_R56
57	YG388	YG388	0	0	0	-9	0	0	0	1	1	0	2	1	0	1	0	1	0	0	0	0	0	sample_R57
58	YG389	YG389	0	0	0	-9	0	0	0	1	0	1	1	0	0	1	1	2	0	0	1	1	1	sample_R58
59	YG393	YG393	0	0	0	-9	1	2	2	0	0	0	2	0	1	0	0	2	0	0	0	2	1	sample_R59
60	YG396	YG396	0	0	0	-9	0	0	0	1	2	1	0	0	0	1	1	1	0	0	1	1	2	sample_R60
61	YG397	YG397	0	0	0	-9	1	1	1	2	1	0	1	0	0	1	0	1	0	0	1	0	1	sample_R61
62	YG400	YG400	0	0	0	-9	0	0	0	0	0	1	0	0	0	0	0	1	0	0	1	0	2	sample_R62
63	YG402	YG402	0	0	0	-9	1	1	1	0	0	1	1	1	0	1	1	1	0	0	1	1	0	sample_R63
64	YG420	YG420	0	0	0	-9	1	1	2	0	0	1	1	0	0	1	1	1	0	0	0	2	1	sample_R64
65	YG427	YG427	0	0	0	-9	0	1	1	1	1	1	1	0	0	0	0	1	1	2	2	2	0	sample_R65
66	YG428	YG428	0	0	0	-9	0	0	0	0	0	0	2	0	0	0	0	1	1	1	0	0	1	sample_R66
67	YG432	YG432	0	0	0	-9	0	0	0	0	1	1	0	0	0	0	0	0	0	0	0	1	0	sample_R67
68	YG433	YG433	0	0	0	-9	0	1	1	0	1	2	0	0	0	0	0	0	0	0	1	1	1	sample_R68
69	YG434	YG434	0	0	0	-9	0	0	0	2	2	0	1	0	0	0	0	2	1	0	1	2	1	sample_R69
70	YG435	YG435	0	0	0	-9	0	0	0	1	2	0	1	0	0	0	0	0	2	1	0	2	0	sample_R70
71	YG448	YG448	0	0	0	-9	0	0	0	0	0	0	1	0	0	0	1	1	0	0	0	1	1	sample_R71
72	YG452	YG452	0	0	0	-9	1	1	1	0	0	1	1	0	1	2	1	2	0	0	0	2	2	sample_R72
73	YG455	YG455	0	0	0	-9	0	0	0	0	0	0	2	1	1	1	1	1	1	1	2	1	0	sample_R73
74	YG459	YG459	0	0	0	-9	1	1	2	1	0	1	1	0	0	0	0	1	1	0	0	1	1	sample_R74
75	YG464	YG464	0	0	0	-9	0	0	1	0	0	2	0	0	1	0	1	1	2	2	0	1	1	sample_R76
76	YG465	YG465	0	0	0	-9	0	0	1	0	0	1	1	0	1	0	0	1	0	0	0	1	0	sample_R75
77	YG466	YG466	0	0	0	-9	0	0	0	2	2	1	1	0	0	1	1	1	1	1	1	1	0	sample_R77
78	YG471	YG471	0	0	0	-9	0	0	0	0	0	0	1	0	1	1	0	0	0	0	0	1	0	sample_R78
79	YG472	YG472	0	0	0	-9	0	0	0	0	1	1	1	0	1	0	0	0	0	0	1	0	0	sample_R79
80	YG473	YG473	0	0	0	-9	1	0	0	1	2	1	1	0	0	0	0	1	0	0	0	0	0	sample_R80
81	YG476	YG476	0	0	0	-9	0	0	0	0	0	1	1	0	0	1	0	1	0	0	0	1	0	sample_R81
82	YG477	YG477	0	0	0	-9	0	0	0	1	1	2	0	1	0	0	0	1	0	0	0	1	2	sample_R82
83	YG478	YG478	0	0	0	-9	0	0	0	2	2	0	1	0	0	0	2	1	0	1	0	1	1	sample_R83
84	YG483	YG483	0	0	0	-9	1	1	1	1	1	0	0	0	0	0	0	1	0	0	1	1	1	sample_R84
85	YG484	YG484	0	0	0	-9	1	1	1	0	0	0	0	0	0	0	0	1	0	0	0	2	1	sample_R85
86	YG485	YG485	0	0	0	-9	1	1	1	1	1	1	1	0	0	1	1	0	0	0	0	1	1	sample_R86
87	YG486	YG486	0	0	0	-9	1	1	1	0	0	0	0	0	0	0	0	1	0	0	0	1	1	sample_R87
88	YG487	YG487	0	0	0	-9	2	1	1	1	2	2	0	0	0	1	1	2	0	0	1	0	1	sample_R88
89	YG491	YG491	0	0	0	-9	0	1	1	0	0	1	1	1	0	0	0	2	0	0	0	0	2	sample_R89
90	YG492	YG492	0	0	0	-9	1	2	2	0	0	0	2	0	0	1	1	0	2	2	1	0	2	sample_R90
91	YG497	YG497	0	0	0	-9	0	1	2	1	1	2	0	0	0	1	1	1	0	0	1	2	1	sample_R91
